# Mechanism: fixed_burst_feedback_onion
# Wild-Type Parameters
n1: 2.481438
n2: 3.127382
n3: 7.655627
N1: 85.821791
N2: 185.463553
N3: 379.697637
k: 0.008840
burst_size: 18.773354
n_inner: 28.785312
wt_nll: 1162.569497
# Mutant Parameters
alpha: 0.797640
beta_k: 0.718004
gamma: 0.255019
threshold_nll: 365.611520
degrate_nll: 1314.985900
initial_nll: 753.244886
total_nll: 37.112471
