# Mechanism: fixed_burst
# Wild-Type Parameters
n1: 3.442629
n2: 6.449869
n3: 6.166372
N1: 365.799041
N2: 399.626750
N3: 1533.274295
k: 0.007417
burst_size: 12.586553
wt_nll: 1167.240833
# Mutant Parameters
alpha: 0.298921
beta_k: 0.687722
gamma: 0.183774
threshold_nll: 365.332567
degrate_nll: 1305.664626
initial_nll: 762.323946
total_nll: 37.206047
