# Mechanism: simple
# Wild-Type Parameters
n1: 1.582373
n2: 3.036127
n3: 5.213711
N1: 40.863948
N2: 102.124731
N3: 285.793976
k: 0.050000
wt_nll: -8.381969
# Mutant Parameters
alpha: 0.254896
beta_k: 0.458637
gamma: 0.500000
threshold_nll: -9.346126
degrate_nll: -9.929499
initial_nll: -10.687472
total_nll: -38.345066
