# Mechanism: feedback_zipper
# Wild-Type Parameters
n1: 8.655198
n2: 20.026818
n3: 41.359641
N1: 266.220955
N2: 472.411897
N3: 1057.999953
k: 0.227422
z1: 25.888028
z2: 40.941785
z3: 88.272108
wt_nll: -8.378778
# Mutant Parameters
alpha: 0.368520
beta_k: 0.461604
gamma: 0.990000
threshold_nll: -9.333613
degrate_nll: -9.923495
initial_nll: -10.701765
total_nll: -38.337652
