# Mechanism: fixed_burst
# Wild-Type Parameters
n1: 2.461630
n2: 4.619903
n3: 8.501388
N1: 297.393086
N2: 472.738546
N3: 1388.844950
k: 0.012964
burst_size: 6.888663
wt_nll: 1139.191925
# Mutant Parameters
alpha: 0.491416
beta_k: 0.470864
gamma: 0.217472
threshold_nll: 363.306276
degrate_nll: 1307.166860
initial_nll: 756.034681
total_nll: 36.881006
