# Mechanism: time_varying_k
# Wild-Type Parameters
n1: 1.947783
n2: 3.301528
n3: 5.115087
N1: 40.999996
N2: 102.000095
N3: 287.008685
k: 0.050000
k_1: 0.000010
wt_nll: -8.382381
# Mutant Parameters
alpha: 0.220180
beta_k: 0.435343
gamma: 0.100000
threshold_nll: -9.349138
degrate_nll: -9.932356
initial_nll: -11.612882
total_nll: -39.276757
