# Mechanism: feedback_onion
# Wild-Type Parameters
n1: 1.915911
n2: 3.761495
n3: 11.041429
N1: 360.895199
N2: 499.138567
N3: 922.373855
k: 0.072816
n_inner: 30.172769
wt_nll: 1184.832019
# Mutant Parameters
alpha: 0.790521
beta_k: 0.736768
gamma1: 0.399991
gamma2: 0.392637
gamma3: 0.359971
threshold_nll: 364.858647
degrate_nll: 1316.969779
initial_nll: 808.361179
total_nll: 37.744988
