# Mechanism: simple
# Wild-Type Parameters
n1: 1.819624
n2: 5.000000
n3: 9.246664
N1: 156.820395
N2: 392.000000
N3: 1028.948115
k: 0.039827
wt_nll: 1132.479580
# Mutant Parameters
alpha: 0.316185
beta_k: 0.426379
beta2_k: 0.483062
beta3_k: 0.232242
# Initial proteins mutant parameters - EXCLUDED FROM FITTING
threshold_nll: 582.405782
degrate_nll: 2092.018686
degrateAPC_nll: 1571.463873
velcade_nll: 1604.309565
total_nll: 6982.677486
