# Wild-Type Parameters
n1: 2.220705
n2: 5.860809
n3: 12.399337
N1: 101.929009
N2: 254.499376
N3: 957.771586
k: 0.011681
burst_size: 6.748519
wt_nll: 10268.325468
# Mutant Parameters
alpha: 0.270909
beta_k: 0.526741
gamma: 0.427560
threshold_nll: 1388.383632
degrate_nll: 22771.067980
initial_nll: 2706.801709
total_nll: 36.867062
