# Mechanism: feedback_onion
# Wild-Type Parameters
n1: 1.953636
n2: 3.882518
n3: 11.322651
N1: 344.925851
N2: 498.010527
N3: 957.088039
k: 0.115488
n_inner: 34.173218
wt_nll: -8.378881
# Mutant Parameters
alpha: 0.392530
beta_k: 0.462185
gamma: 0.350000
threshold_nll: -9.382815
degrate_nll: -9.920677
initial_nll: -12.640546
total_nll: -40.322920
