# Mechanism: fixed_burst_feedback_onion
# Wild-Type Parameters
n1: 1.826579
n2: 3.519812
n3: 9.804151
N1: 119.182883
N2: 253.593953
N3: 517.129327
k: 0.085818
burst_size: 3.434642
n_inner: 5.435731
wt_nll: -8.378650
# Mutant Parameters
alpha: 0.500000
beta_k: 0.459940
gamma: 0.217054
threshold_nll: -9.309975
degrate_nll: -9.931762
initial_nll: -11.550256
total_nll: -39.170642
