# Mechanism: feedback_onion
# Wild-Type Parameters
n1: 6.919475
n2: 22.392232
n3: 64.180303
N1: 356.811996
N2: 395.798125
N3: 631.005209
k: 0.038552
n_inner1: 33.350967
n_inner2: 12.976750
n_inner3: 9.172554
wt_nll: 1167.695498
# Mutant Parameters
alpha: 0.776237
beta_k: 0.649752
gamma: 0.809008
threshold_nll: 363.700353
degrate_nll: 1319.841311
initial_nll: 784.172861
total_nll: 37.499890
