# Wild-Type Parameters
n1: 1.607124
n2: 4.517906
n3: 9.635492
N1: 150.874288
N2: 371.659892
N3: 1837.124961
k: 0.020902
burst_size: 3.409495
wt_nll: -8.378688
# Mutant Parameters
alpha: 0.578689
beta_k: 0.460805
gamma: 0.645514
threshold_nll: -9.352231
degrate_nll: -9.927419
initial_nll: -9.278534
total_nll: -36.936872
