# Mechanism: feedback_linear
# Wild-Type Parameters
n1: 2.502940
n2: 5.646892
n3: 10.110221
N1: 121.667990
N2: 243.177891
N3: 356.651302
k: 0.040980
w1: 0.001855
w2: 0.001578
w3: 0.001990
wt_nll: -8.378951
# Mutant Parameters
alpha: 0.200000
beta_k: 0.461436
gamma: 0.601224
threshold_nll: -9.337945
degrate_nll: -9.925557
initial_nll: -10.284859
total_nll: -37.927313
