# Mechanism: fixed_burst
# Wild-Type Parameters
n1: 5.251995
n2: 12.227249
n3: 19.121338
N1: 164.299291
N2: 305.913132
N3: 795.039900
k: 0.005594
burst_size: 14.770537
wt_nll: 1137.026726
# Mutant Parameters
alpha: 0.440557
beta_k: 0.461063
gamma: 0.392264
threshold_nll: 363.757831
degrate_nll: 1308.489401
initial_nll: 758.081201
total_nll: 36.889778
