# Mechanism: feedback_zipper
# Wild-Type Parameters
n1: 1.957189
n2: 3.881400
n3: 11.599263
N1: 226.191001
N2: 260.307152
N3: 457.734595
k: 0.087266
z1: 64.041717
z2: 62.403300
z3: 88.308347
wt_nll: 1240.989252
# Mutant Parameters
alpha: 0.877089
beta_k: 0.900000
gamma: 0.500000
threshold_nll: 372.343256
degrate_nll: 1321.679459
initial_nll: 846.541313
total_nll: 38.695954
