# Mechanism: simple
# Wild-Type Parameters
n1: 1.902249
n2: 3.503051
n3: 8.841120
N1: 198.882847
N2: 497.111499
N3: 1925.959919
k: 0.035388
wt_nll: 1155.519094
# Mutant Parameters
alpha: 0.678008
beta_k: 0.604903
gamma1: 0.397606
gamma2: 0.325336
gamma3: 0.202059
threshold_nll: 363.828900
degrate_nll: 1320.382703
initial_nll: 773.128506
total_nll: 37.294357
