Simulation-based Optimization Results
Mechanism: time_varying_k_combined
Negative Log-Likelihood: 3756.308993
Converged: True
Status: Converged successfully
Datasets: wildtype, threshold, degrate, degrateAPC

Optimized Parameters (ratio-based):
n2 = 2.735124622413127
N2 = 424.90064845033237
k_max = 0.02842748735090157
tau = 6.8451812993030074
r21 = 2.743824750298238
r23 = 2.552146423474992
R21 = 1.0318450049853134
R23 = 2.647082815724285
burst_size = 11.016979606659598
n_inner = 31.516700994538613
alpha = 1.1043816335596761
beta_k = 0.6047877711283499
beta_tau = 2.8262913193079156


2.735124622413127,424.90064845033237,0.02842748735090157,6.8451812993030074,2.743824750298238,2.552146423474992,1.0318450049853134,2.647082815724285,11.016979606659598,31.516700994538613,1.1043816335596761,0.6047877711283499,2.8262913193079156