# Mechanism: fixed_burst_feedback_onion
# Wild-Type Parameters
n1: 11.312363
n2: 20.463987
n3: 51.784415
N1: 170.761897
N2: 245.824367
N3: 623.728909
k: 0.019888
burst_size: 90.750235
n_inner: 7.048437
wt_nll: 1134.671388
# Mutant Parameters
alpha: 0.460309
beta_k: 0.485721
beta2_k: 0.417857
# Initial proteins mutant parameters - EXCLUDED FROM FITTING
# gamma: not_fitted
# gamma1: not_fitted
# gamma2: not_fitted
# gamma3: not_fitted
threshold_nll: 362.553558
degrate_nll: 1307.754941
degrateAPC_nll: 930.498540
initial_nll: 0.000000  # EXCLUDED (set to 0.0)
total_nll: 37.759433  # Excludes initial strain
