# Mechanism: fixed_burst_feedback_onion
# Wild-Type Parameters
n1: 2.756006
n2: 4.595915
n3: 12.772356
N1: 257.632912
N2: 398.867578
N3: 839.116937
k: 0.050000
burst_size: 3.219055
n_inner: 38.461078
wt_nll: -8.381271
# Mutant Parameters
alpha: 0.307787
beta_k: 0.466518
beta2_k: 0.420893
# Initial proteins mutant parameters - EXCLUDED FROM FITTING
# gamma: not_fitted
# gamma1: not_fitted
# gamma2: not_fitted
# gamma3: not_fitted
threshold_nll: -9.299684
degrate_nll: -9.897880
degrateAPC_nll: -10.171739
initial_nll: 0.000000  # EXCLUDED (set to 0.0)
total_nll: -37.750574  # Excludes initial strain
