# Mechanism: fixed_burst_feedback_onion
# Wild-Type Parameters
n1: 14.346176
n2: 24.239679
n3: 70.559678
N1: 265.140545
N2: 399.162533
N3: 965.524350
k: 0.012391
burst_size: 13.719599
n_inner: 20.741847
wt_nll: 1134.132310
# Mutant Parameters
alpha: 0.461902
beta_k: 0.488148
beta2_k: 0.423841
# Initial proteins mutant parameters - EXCLUDED FROM FITTING
# gamma: not_fitted
# gamma1: not_fitted
# gamma2: not_fitted
# gamma3: not_fitted
threshold_nll: 362.429665
degrate_nll: 1309.747186
degrateAPC_nll: 929.747353
initial_nll: 0.000000  # EXCLUDED (set to 0.0)
total_nll: 37.748624  # Excludes initial strain
