# Mechanism: fixed_burst_feedback_onion
# Wild-Type Parameters
n1: 3.057811
n2: 5.120699
n3: 12.843625
N1: 265.302893
N2: 409.992122
N3: 766.431659
k: 0.016247
burst_size: 14.112272
n_inner: 16.076322
wt_nll: 1169.249676
# Mutant Parameters
alpha: 0.893643
beta_k: 0.785957
gamma: 0.440233
threshold_nll: 364.846336
degrate_nll: 1312.119285
initial_nll: 753.039873
total_nll: 37.102592
