# Mechanism: fixed_burst_feedback_onion
# Wild-Type Parameters
n1: 2.141660
n2: 3.802087
n3: 10.935981
N1: 312.799358
N2: 467.012850
N3: 924.079377
k: 0.011943
burst_size: 18.758243
n_inner: 30.745249
wt_nll: 1158.997357
# Mutant Parameters
alpha: 0.805699
beta_k: 0.665404
gamma1: 0.126995
gamma2: 0.310837
gamma3: 0.185737
threshold_nll: 367.562050
degrate_nll: 1306.692483
initial_nll: 753.909662
total_nll: 37.049925
