# Mechanism: time_varying_k
# Wild-Type Parameters
n1: 2.293869
n2: 3.747331
n3: 7.324418
N1: 54.093903
N2: 103.672684
N3: 453.084553
k: 0.005271
k_1: 0.000564
wt_nll: -8.378650
# Mutant Parameters
alpha: 0.234805
beta_k: 0.200000
gamma: 0.116814
threshold_nll: -9.457974
degrate_nll: -11.924501
initial_nll: -9.610569
total_nll: -39.371694
