# Mechanism: fixed_burst_feedback_linear
# Wild-Type Parameters
n1: 2.646742
n2: 3.823075
n3: 2.048437
N1: 111.053887
N2: 118.999955
N3: 123.799270
k: 0.010507
burst_size: 10.201496
w1: 0.001252
w2: 0.001360
w3: 0.007166
wt_nll: 1164.065771
# Mutant Parameters
alpha: 0.875242
beta_k: 0.663551
gamma: 0.491211
threshold_nll: 366.688651
degrate_nll: 1303.108056
initial_nll: 763.611966
total_nll: 37.234810
