# Mechanism: time_varying_k
# Wild-Type Parameters
n1: 2.985215
n2: 3.530114
n3: 5.350115
N1: 326.039194
N2: 488.684892
N3: 1082.064908
k: 0.025465
k_1: 0.000059
wt_nll: 1159.489149
# Mutant Parameters
alpha: 0.707040
beta_k: 0.201566
gamma: 0.104366
threshold_nll: 362.484233
degrate_nll: 1320.740466
initial_nll: 781.711786
total_nll: 37.510704
