# Mechanism: fixed_burst_feedback_onion
# Wild-Type Parameters
n1: 1.880888
n2: 3.253450
n3: 7.283512
N1: 88.444516
N2: 170.585070
N3: 480.883616
k: 0.012572
burst_size: 16.033403
n_inner: 34.862270
wt_nll: 1161.100218
# Mutant Parameters
alpha: 0.176370
beta_k: 0.661594
gamma1: 0.206166
gamma2: 0.420052
gamma3: 0.199875
threshold_nll: 366.563704
degrate_nll: 1303.609958
initial_nll: 750.567009
total_nll: 37.074466
