# Wild-Type Parameters
n1: 1.807152
n2: 3.606014
n3: 8.167251
N1: 211.631312
N2: 499.700399
N3: 1846.089448
k: 0.034072
wt_nll: 1160.497523
# Mutant Parameters
alpha: 1.457143
beta_k: 0.560007
gamma: 5.285850
threshold_nll: 365.264669
degrate_nll: 1318.232915
initial_nll: 774.960916
total_nll: 3618.956023
