# Wild-Type Parameters
n1: 1.042272
n2: 2.710026
n3: 6.290302
N1: 243.890868
N2: 483.434899
N3: 2332.189431
k: 0.054328
wt_nll: 1132.105007
# Mutant Parameters
alpha: 1.000000
beta_k: 0.424962
gamma: 5.520728
threshold_nll: 378.704779
degrate_nll: 1312.838593
initial_nll: 901.724422
total_nll: 3725.372800
