# Wild-Type Parameters
n1: 2.794372
n2: 4.866668
n3: 11.841754
N1: 57.322176
N2: 118.111080
N3: 481.945696
k: 0.040539
wt_nll: 1132.075339
# Mutant Parameters
alpha: 0.292059
beta_k: 0.422310
gamma: 0.997845
threshold_nll: 362.902678
degrate_nll: 1313.956786
initial_nll: 894.756685
total_nll: 3703.691487
