# Mechanism: fixed_burst_feedback_linear
# Wild-Type Parameters
n1: 3.103326
n2: 8.296857
n3: 15.108015
N1: 88.210370
N2: 153.412070
N3: 319.406556
k: 0.010284
burst_size: 9.760537
w1: 0.003457
w2: 0.003771
w3: 0.002379
wt_nll: 1136.307861
# Mutant Parameters
alpha: 0.221207
beta_k: 0.436863
gamma: 0.709853
threshold_nll: 363.306786
degrate_nll: 1306.744543
initial_nll: 766.616577
total_nll: 36.896305
