# Mechanism: fixed_burst_feedback_linear
# Wild-Type Parameters
n1: 5.357229
n2: 7.246824
n3: 12.279389
N1: 193.999901
N2: 203.749630
N3: 208.644197
k: 0.017942
burst_size: 3.386401
w1: 0.000288
w2: 0.000350
w3: 0.003884
wt_nll: -8.421326
# Mutant Parameters
alpha: 0.417558
beta_k: 0.504838
gamma: 0.603652
threshold_nll: -9.371628
degrate_nll: -9.818283
initial_nll: -10.189240
total_nll: -37.800477
