# Mechanism: fixed_burst_feedback_linear
# Wild-Type Parameters
n1: 6.592670
n2: 6.592985
n3: 8.054837
N1: 120.041296
N2: 122.107368
N3: 137.454574
k: 0.010124
burst_size: 8.256885
w1: 0.000676
w2: 0.001854
w3: 0.004466
wt_nll: 1140.453027
# Mutant Parameters
alpha: 0.511657
beta_k: 0.584925
gamma: 0.561646
threshold_nll: 362.660917
degrate_nll: 1320.106240
initial_nll: 769.817442
total_nll: 37.144580
