# Mechanism: fixed_burst_feedback_linear
# Wild-Type Parameters
n1: 1.602032
n2: 4.424338
n3: 8.553271
N1: 101.814870
N2: 154.905688
N3: 639.039881
k: 0.022137
burst_size: 3.770136
w1: 0.002116
w2: 0.004447
w3: 0.000964
wt_nll: -8.379078
# Mutant Parameters
alpha: 0.500000
beta_k: 0.464292
gamma: 0.126823
threshold_nll: -9.446835
degrate_nll: -9.917943
initial_nll: -9.342095
total_nll: -37.085951
