# Mechanism: feedback_linear
# Wild-Type Parameters
n1: 1.597363
n2: 3.673409
n3: 6.166910
N1: 76.821133
N2: 153.238644
N3: 175.035833
k: 0.036455
w1: 0.000555
w2: 0.001562
w3: 0.004111
wt_nll: 1158.803981
# Mutant Parameters
alpha: 0.759666
beta_k: 0.639540
gamma: 0.652518
threshold_nll: 363.049554
degrate_nll: 1316.018330
initial_nll: 779.610432
total_nll: 37.318983
